<?xml version="1.0"?>
<opencv_storage>
<CameraInnerPara type_id="opencv-matrix">
  <rows>3</rows>
  <cols>3</cols>
  <dt>d</dt>
  <data>
    9.9231049083469361e+02 0. 2.4333982628485381e+02 0.
    9.2171413404439375e+02 1.3738423148534301e+02 0. 0. 1.</data></CameraInnerPara>
<CameraDistPara type_id="opencv-matrix">
  <rows>1</rows>
  <cols>5</cols>
  <dt>d</dt>
  <data>
    -8.8322888281795353e-02 9.9106371643607583e-01
    1.2641343755397690e-02 -1.2377422917638867e-02
    -2.4682916012377127e+00</data></CameraDistPara>
</opencv_storage>
