<?xml version="1.0"?>
<opencv_storage>
<ImgSize>
  480 640</ImgSize>
<Left_CameraInnerPara type_id="opencv-matrix">
  <rows>3</rows>
  <cols>3</cols>
  <dt>d</dt>
  <data>
    5.8093384539379565e+02 0. 240. 0. 5.8093384539379565e+02 320. 0. 0.
    1.</data></Left_CameraInnerPara>
<Left_CameraDistPara type_id="opencv-matrix">
  <rows>1</rows>
  <cols>5</cols>
  <dt>d</dt>
  <data>
    -3.5560946650859349e-01 2.6528984402103883e-01 0. 0. 0.</data></Left_CameraDistPara>
<Right_CameraInnerPara type_id="opencv-matrix">
  <rows>3</rows>
  <cols>3</cols>
  <dt>d</dt>
  <data>
    5.6200327002050290e+02 0. 240. 0. 5.6200327002050290e+02 320. 0. 0.
    1.</data></Right_CameraInnerPara>
<Right_CameraDistPara type_id="opencv-matrix">
  <rows>1</rows>
  <cols>5</cols>
  <dt>d</dt>
  <data>
    -2.6401003026289427e-01 -2.9602726128527590e-01 0. 0. 0.</data></Right_CameraDistPara>
<R2L_Rotation_Matrix type_id="opencv-matrix">
  <rows>3</rows>
  <cols>3</cols>
  <dt>d</dt>
  <data>
    9.9979815511211056e-01 -1.0544305381388223e-02
    -1.7101656599409477e-02 1.0820170333958518e-02
    9.9981152682624941e-01 1.6119390165513899e-02 1.6928465623446871e-02
    -1.6301179386411568e-02 9.9972381116098652e-01</data></R2L_Rotation_Matrix>
<R2L_Translate_Matrix type_id="opencv-matrix">
  <rows>3</rows>
  <cols>1</cols>
  <dt>d</dt>
  <data>
    -5.0004770505810441e+01 5.1128465562419279e-01
    4.5968290149305373e+00</data></R2L_Translate_Matrix>
<Essential_Matrix type_id="opencv-matrix">
  <rows>3</rows>
  <cols>3</cols>
  <dt>d</dt>
  <data>
    -4.1083208221101133e-02 -4.6042971788657541e+00
    4.3704536409293027e-01 5.4424052070093341e+00
    -8.6360710311101185e-01 4.9912346355039759e+01
    -1.0522415898135726e+00 -4.9989954806464816e+01
    -7.9730259131510806e-01</data></Essential_Matrix>
<Fundamental_Matrix type_id="opencv-matrix">
  <rows>3</rows>
  <cols>3</cols>
  <dt>d</dt>
  <data>
    2.1824296695850043e-07 2.4459031331399339e-05
    -9.2060356552001038e-03 -2.8911244062922251e-05
    4.5876693819782518e-06 -1.4605154371897566e-01
    1.2393578693889079e-02 1.4441956744341866e-01 9.9999999999999989e-01</data></Fundamental_Matrix>
</opencv_storage>
