<?xml version="1.0"?>
<opencv_storage>
<ImgSize>
  480 640</ImgSize>
<Left_CameraInnerPara type_id="opencv-matrix">
  <rows>3</rows>
  <cols>3</cols>
  <dt>d</dt>
  <data>
    5.8544511583078440e+02 0. 3.4173401178574483e+02 0.
    5.8248684986094725e+02 2.1249723661570573e+02 0. 0. 1.</data></Left_CameraInnerPara>
<Left_CameraDistPara type_id="opencv-matrix">
  <rows>1</rows>
  <cols>5</cols>
  <dt>d</dt>
  <data>
    -4.0873139586278789e-01 4.0826815196293303e-01
    2.1883670274343786e-03 -3.3413896733068046e-03
    2.2203032937578454e-01</data></Left_CameraDistPara>
<Right_CameraInnerPara type_id="opencv-matrix">
  <rows>3</rows>
  <cols>3</cols>
  <dt>d</dt>
  <data>
    5.7725852719210820e+02 0. 3.3459685549508845e+02 0.
    5.7300244593661432e+02 2.3599190343466458e+02 0. 0. 1.</data></Right_CameraInnerPara>
<Right_CameraDistPara type_id="opencv-matrix">
  <rows>1</rows>
  <cols>5</cols>
  <dt>d</dt>
  <data>
    -2.5441998400845678e-01 -8.6831500010179252e-02
    1.5693215929960568e-03 -3.8297545379503309e-03
    9.9168841081711326e-02</data></Right_CameraDistPara>
<R2L_Rotation_Matrix type_id="opencv-matrix">
  <rows>3</rows>
  <cols>3</cols>
  <dt>d</dt>
  <data>
    9.9991911210014717e-01 5.3893810606312435e-03
    -1.1520582825387645e-02 -5.6311259965312645e-03
    9.9976245353295701e-01 -2.1055330103637963e-02
    1.1404370954353305e-02 2.1118500835648410e-02 9.9971193313153472e-01</data></R2L_Rotation_Matrix>
<R2L_Translate_Matrix type_id="opencv-matrix">
  <rows>3</rows>
  <cols>1</cols>
  <dt>d</dt>
  <data>
    -1.1703672157005660e+02 1.3060909825018001e+00
    -5.7975672007591763e+00</data></R2L_Translate_Matrix>
<Essential_Matrix type_id="opencv-matrix">
  <rows>3</rows>
  <cols>3</cols>
  <dt>d</dt>
  <data>
    -1.7751685316245693e-02 5.8237726926585882e+00
    1.1836450497525313e+00 -4.4623680596577628e+00
    2.4403948034092822e+00 1.1706979852130057e+02
    -6.4693681016327176e-01 -1.1701595893233790e+02
    2.4792937362465111e+00</data></Essential_Matrix>
<Fundamental_Matrix type_id="opencv-matrix">
  <rows>3</rows>
  <cols>3</cols>
  <dt>d</dt>
  <data>
    1.8518007218494233e-08 -6.1060328458394496e-06
    5.6831332746401931e-04 4.6895797743757579e-06
    -2.5776781673555196e-06 -7.3082547835851788e-02
    -7.2332769268075147e-04 7.3473694495384517e-02 1.</data></Fundamental_Matrix>
</opencv_storage>
